[array([0.5, 0.5]), array([0.65, 0.5 ]), array([0.466753, 0.990442, 0.996265]), array([0.013827, 0.388082, 0.736064, 0.971728]), array([0.937239, 0.959791, 0.960767, 0.818897]), array([0.819854, 0.036171, 0.929157, 0.042194, 0.93854 ]), array([0.057395, 0.931572, 0.975502, 0.005642, 0.90068 , 0.17396 ]), array([0.824416, 0.925687, 0.201348, 0.929573, 0.017861, 0.924962,
       0.951929, 0.012052])]
[array([0., 0.]), array([0.839041, 1.      ]), array([1.     , 0.     , 0.75783]), array([0.413267, 0.391233, 0.327773, 0.428435]), array([0.922382, 0.960497, 0.963203, 0.824728]), array([0.      , 0.      , 0.084701, 1.      , 0.      ]), array([0.030175, 0.312148, 0.354869, 0.145624, 0.344577, 0.758289]), array([0.073701, 0.126448, 0.      , 0.      , 0.849435, 0.405574,
       0.048621, 0.02831 ])]
[array([0.6, 0.6]), array([0.763745, 0.848033]), array([1., 1., 0.]), array([0.434166, 0.428579, 0.217539, 0.429707]), array([0.93903 , 0.958851, 0.959387, 0.818091]), array([0.230014, 0.      , 1.      , 1.      , 0.      ]), array([0.      , 0.19722 , 0.36334 , 0.045543, 0.317971, 0.937275]), array([0.02528 , 0.201174, 0.025933, 0.196286, 1.      , 0.666219,
       0.190159, 0.771074])]
[array([0.17241, 0.56704]), array([0.638474, 0.99525 ]), array([0.460275, 0.      , 0.633497]), array([0.361687, 0.402832, 0.449644, 0.44151 ]), array([0.222727, 0.846708, 0.876164, 0.878111]), array([0., 1., 0., 1., 0.]), array([0.075432, 0.29615 , 0.417386, 0.217001, 0.306418, 0.646435]), array([0.118298, 0.308389, 0.      , 0.262773, 0.521512, 0.648236,
       0.098503, 0.32026 ])]
[array([0.738068, 0.516236]), array([0.696761, 0.934107]), array([0.428006, 0.895894, 0.      ]), array([0.414823, 0.374605, 0.39295 , 0.43865 ]), array([0.229439, 0.845664, 0.891406, 0.879969]), array([0.444487, 0.32746 , 0.525031, 0.777595, 0.205622]), array([0.010064, 0.250273, 0.457877, 0.238727, 0.383079, 0.584059]), array([0.027137, 0.168897, 0.007204, 0.613151, 0.986073, 0.162751,
       0.116094, 0.624013])]
[array([0.416666, 0.70954 ]), array([0.696929, 0.933496]), array([0.      , 0.      , 0.853616]), array([0.393714, 0.410149, 0.386522, 0.429449]), array([0.242519, 0.843635, 0.921102, 0.883591]), array([0.41806 , 0.323584, 0.534054, 0.783397, 0.181342]), array([0.0743  , 0.296973, 0.41889 , 0.215869, 0.305373, 0.64552 ]), array([0.012112, 0.283224, 0.011475, 0.189561, 0.926461, 0.949559,
       0.024611, 0.586611])]
[array([0.298847, 0.466448]), array([0.6658  , 0.123969]), array([0.492581, 0.611593, 0.340176]), array([0.387039, 0.395341, 0.382254, 0.430283]), array([0.251719, 0.842217, 0.941979, 0.88614 ]), array([0.424097, 0.236715, 0.588973, 0.950722, 0.362531]), array([0.055932, 0.30556 , 0.433127, 0.188105, 0.305743, 0.635367]), array([0.010552, 0.194451, 0.013988, 0.079115, 0.917906, 0.564762,
       0.071424, 0.679543])]
[array([0.575963, 0.666474]), array([1., 1.]), array([0.627294, 0.574073, 0.51083 ]), array([0.462737, 0.449263, 0.404682, 0.480476]), array([0.263858, 0.840374, 0.969496, 0.889507]), array([0.470153, 0.371724, 0.547464, 0.708505, 0.208889]), array([0.074117, 0.294798, 0.418289, 0.217241, 0.306987, 0.644886]), array([0.014868, 0.230605, 0.015162, 0.067732, 0.833455, 0.445898,
       0.068456, 0.378297])]
[array([0.376839, 0.4948  ]), array([0.690682, 0.939107]), array([0.627298, 0.576795, 0.51059 ]), array([0.428754, 0.398649, 0.395638, 0.341167]), array([1.      , 1.      , 1.      , 0.893494]), array([0.471249, 0.386008, 0.563039, 0.690936, 0.2008  ]), array([0.075247, 0.29469 , 0.417592, 0.218952, 0.307432, 0.644991]), array([0.01229 , 0.102086, 0.014675, 0.067534, 0.867405, 0.526707,
       0.077827, 0.647896])]
[array([0.713001, 0.624623]), array([0.694787, 0.926287]), array([0.634554, 0.591047, 0.510586]), array([0.426119, 0.417139, 0.395966, 0.386635]), array([1.      , 1.      , 1.      , 0.968494]), array([0.458708, 0.344991, 0.483368, 0.678344, 0.243194]), array([0.075685, 0.29435 , 0.417084, 0.21877 , 0.304942, 0.645037]), array([0.011886, 0.451666, 0.021185, 0.105028, 0.881553, 0.459337,
       0.08822 , 0.561998])]